00100100100000000000000000000000000000000000000000000
00000100100000110000001000000000010000000000000000000
01010111011000000000000100000000011011000000001000000
01010110001000000000000100000000011011000000001000001
00110101000000000000000000000000000000000000000000000
00000100100000110000001000000000010000001000000000000
01010110011000000000000100000000011011000000101000000
01010101111000000000000100000000011011000000101000001
00001101001000000000000001000000000000000000001000000
00000100100000110000001000000000010000010000000000000
00001000100000000000000000000000000000000000000000000
00001000100000000000000000000000000000000000000000000
00000100100000001000000000001000011000000000000000000
00000100100000110000000010000000010000000000000000000
00000100100000100000000100000000000101000000100000000
01010111001000000000000100000000000000000000001000000
00010100000000000000000000000000000000000111000000000
00010100010000000000000000000000000000000110000000000
01001000011000001000100000000000000000000000001000010
01001000011000001000100000000000000000000000001000010
00000100100000101000100000001001011000000000000000000
00000100100000101000100000001001000110000000100000000
00000100100000001000000000001000000100000000100000000
00000100000100000000001000000000000000011001000000000
00000100010100000000001000000000000000011000000000000
00010110010100000000000000000000000000000101000000000
00000000000000000000000000000000000000000000000000000
00000100100000110000010000000000000000000001000000000
00010111000100100000100000000001000000000101000000000
00010111010100000000000000000000000000000100000000000
00000100100000001000010000000100000000000001000000000
00000100100000110000010000000000000000000000000000000
10000000000001000000000000000000000000000000000000000
00011000010100000000000000000000000000000101000000000
00001001000000001000000000001100000000000000000000000
00001000000010000000010000000000000000000001000000000
00001001010000000110000000000000000000000000000000000
00001001101000000000000001000000000000000000001000000
00001010000100000100000000000000100000000001000000000
00001011111000000000000000000000000000000000000100000
00011010000000000000000000000000000000000111000000000
00011010010000000000000000000000000000000111000000000
00001011011000000000000001000000000000000000001000000
00001100001000000000000001000000000000000000001000000
00011011000000000000000000000000000000000111000000000
00001010010100000100000000100000000000000001000000000
00001100010000100000000001000010000000000000000000000
01101011110100000000000000000000000000000101000001000
00001011000100000000100000000000000000000001000000000
00001111011000000000000000010000000000000000001000000
00001001000000001000000000001100000000000000000000000
01011100110000000000000000000000000000000111000000100
00011101000100000000000000000000000000000101000000000
00011101010100000000000000000000000000000101000000000
00001110000000001100010000000100000000100001000000000
00001110100000000101010000000000000000100001000000000
00001101011000000000000001000000000000000000001000000
00011110010100000000000000000000000000000101000000000
00001110011000000000000001000000000000000000001000000
00001111000000100100010000000010000000100001000000000
00000100100000000010000000000000000000000000000000000
00011111010100000000000000000000000000000101000000000
01110000001000000000000000000000000000000000010110000
00000100100000001000010000000100000000000001000000000
